7
6
57
139.922
99.014404
24.1204
35.6599
27.5442
29.382101
48.5753
31.5168
7
6
57
65.6985
3.5946
0.2507
0.2004
0.26819998
0.225
0.0933
0.0139
7
6
58
7.3145003
1.1504
0.1681
0.2129
0.1774
0.189
0.104
0.122099996
7
6
58
8.8632
0.41189998
0.1887
0.110400006
0.2474
0.0964
0.0588
0.063700005
7
6
59
26.8331
1.1807001
0.4551
0.1644
0.79420006
0.3547
0.3544
0.2323
7
7
0
151.3571
10.6403
2.6601
0.79849994
1.9215999
1.6854999
1.7184
1.0443
7
7
1
186.6162
4.5639
5.0663004
1.611
1.4609
1.8347001
0.5293
0.4672
7
7
2
83.0823
4.0521
5.9687996
7.0606003
3.4334998
1.8796
1.7701
1.0963
7
7
3
28.744701
4.0876
0.3801
0.5359
1.5788
0.607
0.15630001
0.0971
7
7
4
146.68
10.3398
0.8598
3.1755998
4.9812
18.360899
28.4784
6.1786
7
7
5
116.409195
7.1218
1.1752
1.0066
2.5714002
6.3624
1.1749
0.3602
7
7
6
118.54219
83.3577
10.7393
10.9908
5.9161997
18.090101
2.9772
2.5584
7
7
7
31.9702
19.293999
3.1075
2.8294
1.5457
4.1984
2.9934
0.48000002
7
7
8
131.0076
16.5638
1.1421
30.8894
7.7823997
11.7513
2.7529
1.4122
7
7
10
138.9109
3.3907
0.4257
0.79770005
0.65239996
0.8487
0.76489997
0.23670001
7
7
11
178.8858
167.1765
24.1611
16.0577
9.4435
2.2389
4.8195
1.3001
7
7
12
110.7622
31.5462
2.5247
2.3312001
7.0625997
4.5164
1.9012
1.0938
7
7
13
62.0951
22.9337
3.1929998
2.2522001
1.9128001
1.112
0.7974
0.68450004
7
7
14
113.161896
151.978
24.210701
35.7752
51.6114
8.6964
4.9463
4.3209
7
7
15
103.337395
25.0018
5.9138002
3.6917999
3.4139
3.2836
1.1251
0.5646
7
7
17
100.441
64.019
3.5459
23.679499
1.6209
8.7267
4.2435
0.6395
7
7
18
195.4912
46.1211
17.681
23.6988
8.7381
5.8271
2.5392
1.7827001
7
7
19
62.5538
1.7946999
1.3641
1.8313
3.5053997
2.6317
0.8017
1.1501
7
7
20
58.598
34.700798
18.5754
25.493198
25.383
35.7676
55.214603
15.6966
7
7
22
33.932
47.471897
2.8747
8.2514
16.1459
10.6803
12.1962
4.0643
7
7
23
17.5318
25.681702
3.479
23.2344
13.68
38.2696
20.1516
5.7381
7
7
24
171.14839
9.790501
3.7282002
13.327201
9.6018
16.163599
7.5632
3.5619001
7
7
25
51.2703
13.4288
36.996998
4.4682
18.8561
14.9277
14.1556
5.1205
7
7
26
87.5598
23.4984
4.9553
9.542399
6.4475
16.1566
13.054501
8.7569
7
7
27
59.371002
23.5358
3.1194
6.5829
9.5623
7.9475
7.2759004
9.8273
7
7
28
137.1527
188.39839
18.975601
20.7829
41.4829
38.2447
44.8361
17.7149
7
7
29
114.695404
4.8348
3.1905
0.7233
2.4723
3.3890002
4.4232
2.5948
7
7
30
24.694801
70.8265
13.181999
17.7856
20.1734
13.3501
10.9028
8.1661005
7
7
31
54.1801
69.3682
9.3789
14.191601
17.5084
23.635601
28.8663
14.3984
7
7
32
129.758
15.4308
10.7155
14.6721
27.6663
45.743298
14.3673
8.2291
7
7
34
149.7955
19.8005
4.6116
4.7021003
6.47
15.8622
10.3463
4.3885
7
7
35
105.92081
63.0181
27.6591
9.2069
22.9678
26.4689
11.8395
2.8921
7
7
36
168.63019
15.8442
5.545
8.9793
3.9443998
12.5024
5.0025997
3.1629
7
7
38
10.7792
8.717
2.2145
10.4704
3.6642
7.205
2.224
4.9554
7
7
39
107.0303
59.129696
14.4843
19.618399
22.592001
37.6046
4.712
6.5027
7
7
40
87.4425
9.540999
10.364201
16.4772
5.3614
7.1229005
5.7208004
4.2886996
7
7
41
94.970604
17.2588
4.8458
3.577
5.8071
5.7516003
1.3628
1.5256
7
7
42
164.3539
35.1572
7.2669
0.8056
3.2219
12.3857
6.3568006
3.9983
7
7
43
153.3026
87.844
9.6949005
69.676605
24.7302
26.0947
13.760599
10.2634
7
7
44
107.6149
45.9797
19.0491
8.6768
4.6648
1.5809
1.7720001
0.8205
7
7
45
21.8703
7.8034997
2.3967
3.1776998
3.6181
2.0183
1.1513001
0.5821
7
7
46
26.5162
18.07
3.978
4.7223
3.0005
4.1025
1.1358
0.8199
7
7
47
6.0109
16.1592
2.2396
8.3721
1.4087
4.2007
3.9064002
1.2843
7
7
48
36.2632
7.0068
3.3642
3.2819
5.0781
2.7482
3.1606
1.4067
7
7
49
163.3036
94.6566
18.7386
63.6249
61.952
36.906902
91.894104
39.5536
7
7
50
29.497
3.2625
0.9785
7.2276006
5.0168
2.7868001
1.2975
1.0741
7
7
51
59.303402
77.0156
8.8398
0.4053
15.9256
27.134901
6.9821997
7.2318
7
7
52
135.5285
9.0543
1.7564001
6.1688
2.4754
2.5091
0.6447
0.3777
7
7
53
68.2153
2.5278
0.083799995
0.0653
0.2712
0.38819999
0.0409
0.1083
7
7
54
34.3031
5.1411
10.921801
2.0572
6.5561
2.4491
1.357
0.1763
7
7
55
36.7949
1.4463
0.82250005
0.7925
0.1759
0.098400004
0.0511
0.0242
7
7
56
41.176
3.9487
0.3153
0.9041
1.0633
0.5748
0.2566
0.0941
7
7
57
113.4829
6.0947
1.8971
2.083
1.9518999
2.9545
0.5697
0.3534
7
7
58
0.0947
0.049399998
0.0208
0.0151
0.0061
0.0035
0.0022
0.0015
7
7
59
18.1179
64.1034
19.579102
10.6316
6.8121
2.1592
1.5895
0.5035
7
8
0
219.33209
5.3399997
2.3483
0.94250005
0.5132
0.746
0.5153
0.0501
7
8
1
12.7659
0.9006
0.5035
0.1942
0.1745
0.1421
0.029900001
0.0188
7
8
1
34.6374
7.4699
1.8699
1.5931
0.611
0.5618
0.1088
0.0687
7
8
2
225.93752
9.9963
1.1704
1.191
1.0126001
0.6077
0.069299996
0.0472
7
8
3
17.2161
3.1002
0.9105
0.1467
0.191
0.0416
0.033400003
0.0303
7
8
5
60.745102
0.3582
0.0544
0.246
0.1943
0.057099998
0.02
0.0091
7
8
6
17.6101
0.97209996
0.9195
0.525
0.5664
0.2778
0.084300004
0.2821
7
8
7
25.347502
1.3034
0.5717
0.0481
0.22199999
0.085
0.0367
0.0146
7
8
8
38.373398
0.23650001
0.011700001
0.0151
0.0679
0.033400003
0.0472
0.0091
7
8
9
5.0733
2.3866
0.8173
1.2687
0.1473
0.23179999
0.1602
0.0781
7
8
10
133.7353
1.7508
0.8514
0.4582
0.49089998
0.4272
0.050800003
0.0171
7
8
11
59.94
1.0463
0.20969999
0.1961
0.1118
0.0731
0.016700001
0.0191
7
8
12
19.2789
5.1123
1.362
0.8492
1.2298
0.6304
0.42380002
0.3216
7
8
13
59.9739
5.9824
0.5205
0.5755
0.39479998
0.43150002
0.1057
0.0787
7
8
14
66.0913
8.9229
2.092
0.95149994
0.80789995
0.3481
0.2067
0.0811
7
8
15
69.9464
17.7552
3.4924002
1.8323001
0.6904
0.4357
0.1983
0.14449999
7
8
16
19.124401
0.1574
0.033099998
0.092
0.0495
0.0096
0.0039
8.0E-4
7
8
18
43.7608
1.1834999
1.3369
0.0665
0.2601
0.1589
0.0719
0.0253
7
8
19
28.5595
0.6498
0.2879
0.1754
0.0972
0.0815
0.0218
0.0142
7
8
20
15.523601
2.3432
2.1430001
0.6696
0.4227
0.5601
0.41570002
0.2506
7
8
21
96.7027
0.5399
0.3468
0.3069
0.1051
0.1741
0.0587
0.0205
7
8
22
7.3206
1.1848
0.96230006
0.28329998
0.4689
0.978
0.2599
0.41899997
7
8
23
47.327198
18.9041
2.7707
4.034
2.093
1.1291
0.5527
0.331
7
8
24
77.58971
2.3852
0.31149998
0.3458
0.3982
0.118
0.0856
0.0302
7
8
25
24.1044
1.9527999
2.183
0.6583
0.5241
0.3717
0.3544
0.0902
7
8
26
125.5789
11.8894005
1.1553
2.6234002
1.3324
0.4624
0.46310002
0.3728
7
8
27
33.9404
0.8045
0.5323
0.3006
0.0743
0.1313
0.0322
0.0176
7
8
28
1.1818
1.9988
1.5592
0.63280004
0.3574
0.5402
0.1965
0.2024
7
8
29
97.4526
0.8259
1.9977
0.64790004
0.538
0.23910001
0.0752
0.1301
7
8
30
22.3279
0.6257
0.5429
0.5022
0.047900002
0.2719
0.0558
0.027600002
7
8
31
21.7337
8.0311
2.6572
2.4062
0.49259996
0.5771
0.2012
0.1498
7
8
32
22.730299
12.1775
3.0569
1.383
1.6839
2.7241
0.2231
0.2376
7
8
33
4.0029
0.19160001
0.5001
1.1319001
0.1149
0.0538
0.043700002
0.049599998
7
8
34
1.4598
2.802
2.0871
1.9698
1.3316
0.5751
0.3068
0.1551
7
8
35
149.5371
37.991802
1.3125
0.9012
1.4325
1.0132
0.61539996
0.3218
7
8
36
230.01039
12.9331
3.6995
4.6755
0.5272
1.1163
1.3388001
0.2927
7
8
37
0.57100004
0.48290002
0.97120005
1.1758
0.3567
0.36609998
0.1534
0.0994
7
8
38
0.84260005
2.4597
0.15210001
0.5603
0.4007
0.75460005
0.1494
0.22179998
7
8
39
176.1757
2.9053998
5.556
0.5617
0.85850006
0.9387
0.3613
0.2421
7
8
40
3.3868
1.9597
2.2225
0.86869997
0.4174
0.7073
0.281
0.4805
7
8
41
8.5611
1.2975
0.0916
0.72249997
0.9148
0.9699
0.41709998
0.2843
7
8
42
159.2774
1.1207
2.7496998
0.747
0.3161
0.1758
0.0964
0.117199995
7
8
43
5.0391
2.1331
2.724
0.7214
1.0731001
1.1299
0.4753
0.1007
7
8
44
1.5279
3.4726999
0.7369
0.9424
0.6071
0.5337
0.3369
0.1199
7
8
45
92.5875
0.8483
0.3554
1.2556
0.2748
0.17369999
0.0634
0.0596
7
8
46
6.6446
2.1473
0.1729
2.0116
0.3017
1.0427
0.1132
0.28289998
7
8
47
2.8862
2.0904999
0.6042
0.9435
0.8398
1.1025001
0.39440003
0.1743
7
8
48
130.76201
0.5847
0.4124
0.3229
0.43640003
0.264
0.1135
0.1088
7
8
49
40.0006
8.8005
1.0792
1.8284
0.9269
0.89
0.4094
0.1517
7
8
50
50.0195
7.9771
1.0017
2.6722002
1.8100001
1.6000999
0.4654
0.16260001
7
8
51
83.728
1.2406
1.126
0.5037
0.27350003
0.2854
0.091
0.091
7
8
52
3.9755
2.3081
0.3819
2.1288
1.6852999
0.48589998
0.6657
0.2956
7
8
53
78.8178
9.0135
3.2766
1.7411
0.2847
0.6988
0.5411
0.19690001
7
8
54
22.960701
0.59830004
0.7134
0.99130005
0.20949998
0.2649
0.114099994
0.0575
7
8
55
9.2951
1.1538
1.4335
1.4272
0.2497
0.3232
0.3339
0.17999999
7
8
56
26.542198
7.4239
1.5266
0.8101
0.89640003
0.4718
0.6096
0.2191
7
8
57
195.304
18.3209
1.2856001
4.6806
1.5789
0.70210004
0.2645
0.166
7
8
59
5.4522
1.3046
2.0065
1.3163
0.39229998
0.6442
0.3009
0.0882
7
9
0
223.8026
3.7158
2.3333
2.2909
1.2739
1.064
0.5944
0.28059998
7
9
1
1.3062999
2.1632001
0.8946
1.0519
0.44860002
1.2164
0.20679998
0.16420001
7
9
2
16.160799
2.9165
0.1099
1.0246
1.2197
0.38439998
0.5089
0.6433
7
9
3
176.5993
3.5
6.4904
2.5513
1.2038
1.2868
0.4843
0.65999997
7
9
4
3.9276
1.0676999
0.2041
2.6548
0.7392
0.65430003
0.13960001
0.1295
7
9
5
6.0167
1.7791
0.5277
2.9823
0.49069998
0.3268
0.3292
0.3317
7
9
6
36.2481
2.5835
0.5994
1.7085001
0.6416
0.84070003
0.4597
0.1654
7
9
7
3.819
5.1109
0.106599994
0.9161
0.5104
0.3363
0.2127
0.078200005
7
9
8
9.588
12.0119
1.8045999
1.3546001
1.0896
1.8428
0.3457
0.39090002
7
9
9
26.624
3.1725998
0.6416
1.5716
0.40330002
0.3455
0.0575
0.0624
7
9
10
9.6904
0.37150002
0.2632
0.118599996
0.050199997
0.1293
0.0845
0.061599996
7
9
12
18.3754
0.9563
0.061400004
0.3964
0.6161
0.112100005
0.1022
0.0473
7
9
13
12.9971
2.3009
0.2703
1.2379
0.9196
0.5305
0.3833
0.164
7
9
14
3.5849001
1.0727999
0.7434
1.3296
0.5126
0.3082
0.2323
0.17379999
7
9
15
21.0932
1.1691
0.6237
0.4838
0.29299998
0.2029
0.0641
0.050199997
7
9
16
4.6410003
3.1546998
1.4127
1.2615
0.8567
0.3725
0.079
0.2417
7
9
17
25.5929
20.7686
1.7962999
3.3906002
1.9858999
0.89689994
0.3371
0.5143
7
9
18
29.5261
1.2307
1.0716
0.5787
0.4226
0.41120002
0.1237
0.1477
7
9
19
67.249504
4.1173
0.4311
0.5582
0.3174
0.579
0.1865
0.16319999
7
9
20
22.4483
1.65
0.36180001
0.61590004
0.6029
0.7569
0.25820002
0.2298
7
9
21
128.4823
11.0036
1.2619
0.3601
0.8508
1.1929
0.1707
0.3997
7
9
22
13.7788
9.9524
0.42380002
0.7237
1.3461
0.5922
0.5456
0.11
7
9
23
17.2417
2.3031
1.9333999
1.5662
1.8440999
0.96610004
0.1753
0.4098
7
9
24
13.9422
2.6973
0.174
0.3784
0.271
0.2234
0.078200005
0.025700001
7
9
25
9.8816
1.8311
0.8398
2.3235002
1.7407
1.2586
0.1496
0.23690002
7
9
26
10.3222
0.6046
1.8333999
0.74840003
0.4281
0.4577
0.2472
0.20330001
7
9
27
7.6614
1.7960999
0.2887
0.2109
0.11540001
0.14649999
0.031999998
0.076000005
7
9
28
8.1513
1.5631
1.5688
0.6026
1.4279001
1.5277001
0.1981
0.147
7
9
29
19.6542
1.6930001
1.6143
0.2112
0.7493
0.1729
0.1065
0.0386
7
9
30
96.473404
4.2566004
3.092
1.7129
2.5031
1.3903999
0.44630003
0.3707
7
9
31
15.1578
6.8859005
0.2962
0.49069998
0.19849999
0.17490001
0.0467
0.0677
7
9
32
106.23519
10.7855
0.97580004
0.8041
0.9378
1.1479
0.18609999
0.0851
7
9
34
218.806
7.348
1.1177
1.7391
1.1768
1.2106
0.1672
0.1339
7
9
35
68.7362
18.3513
4.3525
9.007299
4.941
2.3357
0.39670002
0.34600002
7
9
36
10.6798
2.0493999
0.25480002
0.6736
0.42909998
0.2719
0.0704
0.0122
7
9
37
223.4801
56.711697
5.2888
10.2455
4.5033
3.7682998
0.6054
0.5113
7
9
38
7.012
3.8328
0.5916
0.634
1.0911
0.6078
0.142
0.0933
7
9
39
61.073704
52.517498
2.2161
1.5292
1.6395
1.3145
0.48659998
0.32259998
7
9
40
109.9503
16.4788
3.9701
6.3921
3.1388
3.2828
0.49490002
0.7075
7
9
41
55.282
11.9987
3.7496998
1.5314
1.4484
1.5374
0.3208
0.177
7
9
43
29.530998
1.4855
2.3360002
0.0823
0.1299
0.2992
0.14039999
0.0784
7
9
44
8.816199
9.5363
3.3447
0.194
0.3615
0.3263
0.0455
0.0491
7
9
45
57.807396
4.4164
3.1142
0.259
1.9750999
0.93200004
0.42150003
0.28329998
7
9
46
12.282
6.5292
1.6151
1.1715
0.35570002
0.7263
0.2835
0.1993
7
9
48
1.7092
2.891
1.3259
1.4847
0.0705
0.5134
0.139
0.07
7
9
49
138.3427
80.9614
22.4151
115.6829
73.867294
56.345398
28.167301
9.1873
7
9
50
60.529
16.410599
4.6769
7.0438
6.7925997
6.0201
3.1523998
3.6465998
7
9
51
156.7045
12.8148
10.5096
20.3983
42.0556
13.1881
11.6735
6.0899997
7
9
52
185.7887
5.7363
1.7828001
1.3776
9.5498
7.8373
1.8687
2.1115
7
9
53
100.5926
2.0893
2.013
4.4185
3.1028001
1.4269
0.1628
0.20840001
7
9
54
90.92461
20.0169
2.0765998
4.5778
10.2175
2.1325
2.8439
0.3368
7
9
55
78.3683
8.1397
2.1027
2.2521
1.7298
0.8602
0.20330001
0.105399996
7
9
56
92.846695
3.9593
1.708
1.1705
0.3391
0.2931
0.205
0.092
7
9
57
93.9974
2.5071
1.0138999
1.4308
1.6060001
0.6633
0.2395
0.0636
7
9
58
55.341797
9.526299
1.5349
1.6108
3.1348002
2.5335002
0.40350002
0.3346
7
9
59
1.1985
0.7661
0.42369998
1.1356
0.2523
0.2312
0.2142
0.2608
7
10
0
21.6889
10.4421
5.6762
5.4796
1.7748001
2.0822
0.44399998
0.4329
7
10
1
5.0281
4.2179
0.3502
0.1685
0.22420001
0.2271
0.4599
0.21079999
7
10
2
13.4838
3.2463
2.6571
0.89229995
0.83280003
0.70500004
0.4479
0.2611
7
10
3
10.7741995
5.7495003
1.1449
1.2602999
0.80779994
1.5021
0.4044
0.7712
7
10
4
227.6641
5.1156
4.0211
3.1674001
6.0488997
1.8509
1.1617
0.3095
7
10
5
6.4746
2.9007
0.9231
0.87360007
0.56340003
0.57799995
0.46879998
0.5223
7
10
6
31.685999
1.0754
0.087400004
0.3141
0.5883
0.8409
0.4739
0.3401
7
10
7
11.6145
5.0489
2.6476
3.8927
0.41459998
0.6743
0.7607
0.47800002
7
10
8
6.5315
0.6538
0.5532
0.6556
0.4354
0.3339
0.118599996
0.0625
7
10
10
9.5083
2.8557
0.1081
0.11660001
0.3351
0.3285
0.0507
0.0501
7
10
11
109.28281
5.3041
5.0288
13.4147005
3.3002
3.8582
0.78459996
0.2714
7
10
12
12.0134
3.6571
0.28550002
0.5517
0.4344
0.3604
0.2876
0.1375
7
10
13
101.75821
14.6429
0.7127
1.446
2.3028
0.7317
1.4945999
0.7573
7
10
14
73.571304
27.5646
1.082
3.3105001
5.1637
1.1622
0.5046
0.10479999
7
10
15
7.5010004
1.4552
0.20089999
0.9613
0.6286
0.9807
0.43080002
0.46179998
7
10
16
140.2401
5.3761
1.4285
0.7439
1.0249
0.7723
0.3585
0.2077
7
10
17
12.7193
2.5907001
1.8281
1.135
0.4865
1.2919999
0.97510004
0.47800002
7
10
18
25.106998
5.1938
1.0455
0.9107
0.2594
2.0384002
0.40369996
0.4766
7
10
19
160.1373
10.5806
0.79859996
2.695
2.5441
1.4685999
0.57379997
0.6019
7
10
20
3.9071002
2.015
0.33990002
0.26070002
0.7661
0.4954
0.1471
0.097
7
10
21
1.0641999
2.6573
1.1784
0.8416
0.2472
0.6693
0.47820002
0.3825
7
10
22
18.2722
0.769
1.271
2.5483
0.4303
0.42
1.0776
0.3608
7
10
23
3.0735
0.9643
2.1850998
1.069
0.28820002
0.4597
0.4626
0.2696
7
10
24
0.4979
0.7794
1.4596
0.94569993
0.7434
0.6137
0.6589
0.0959
7
10
25
22.9205
11.652
7.5143003
2.9178998
4.5381
3.6394
3.6851997
1.7532
7
10
26
47.2006
8.9829
0.7059
0.7531
0.7621
0.8561
0.56520003
0.70199996
7
10
27
3.1016
0.0947
0.1708
0.1312
0.025700001
0.0839
0.0222
0.026999999
7
10
28
35.5048
26.412498
6.1923003
2.5942
4.716
3.8844998
0.49310002
0.6404
7
10
29
51.249702
14.637899
6.593
2.3452
5.6029
3.2508001
0.2324
0.2439
7
10
30
136.6212
25.4425
25.788599
15.1356
6.9477
5.2421
4.2035
4.3676
7
10
31
133.9868
12.1097
8.1382
3.3639
4.5803
8.2087
2.9059
1.6551999
7
10
32
81.125
6.0056
3.3319998
1.464
2.4292
2.9229
2.4399
1.0571
7
10
33
77.1361
16.6794
1.6750001
10.213799
8.2227
4.3814
2.529
0.99680007
7
10
34
163.1192
45.0336
24.2605
21.411
8.5481
19.8228
4.0389004
0.7652
7
10
35
5.9532003
2.8751998
0.8067
1.6235
0.9247
1.7062001
0.19409999
0.0835
7
10
36
55.1255
14.626699
2.8159
0.86279994
1.2729
1.2823
0.4299
0.3009
7
10
36
46.8596
10.7832
1.4706
4.1548
2.3196
0.6901
0.44169998
0.16420001
7
10
37
1.9053999
1.5226
0.2934
0.21
0.3098
0.1434
0.0915
0.0888
7
10
38
4.5325
3.0917
2.9525
0.92200005
0.7794
0.3577
0.15069999
0.3263
7
10
40
129.9825
29.4373
7.5642
3.7110999
7.8764997
3.4777
1.1420001
0.81320006
7
10
41
20.8463
1.5609
0.97629994
1.0633
0.8894
0.8963
0.0513
0.1157
7
10
42
117.8514
6.6138997
0.65290004
3.8345
2.6615
0.89299995
0.4134
0.489
7
10
43
71.850296
4.717
1.0279
0.6192
1.0973
0.5424
0.24280001
0.2273
7
10
45
2.0983
2.1283998
1.3087
2.2249
0.9087
0.5645
0.1283
0.1717
7
10
46
1.5166
2.2661
1.0315
1.5396
0.84720004
0.83489996
0.25259998
0.3423
7
10
47
3.9971
3.0263999
0.7644
0.9385
0.868
0.8254
0.55550003
0.4076
7
10
48
6.0388
3.8993
3.5689
0.8518
0.78859997
0.9598
0.46040002
0.39400002
7
10
49
32.6444
26.4748
0.2378
2.3906
1.8258
1.0814
0.9832
1.7052001
7
10
50
216.3168
14.3298
9.254399
2.634
0.85580003
1.9830999
0.7033
0.45
7
10
51
40.4528
27.088902
1.2275
1.8330001
1.442
1.472
0.5219
0.3282
7
10
52
3.5771
1.1444
0.6013
0.3508
0.2294
0.112799995
0.13839999
0.0444
7
10
53
3.8858001
1.1605
1.8467
2.8474998
1.3599
1.7660999
0.1089
0.11399999
7
10
54
19.3752
23.0735
0.72929996
4.1802998
0.92169994
1.0501
0.2736
0.2632
7
10
55
40.725
5.0056
4.8280997
0.6495
3.5303001
1.42
0.4369
0.092
7
10
56
15.9409
5.2612
1.2508999
0.6789
2.3048
0.7199
0.4826
0.2564
7
10
57
23.068
5.0796
0.6083
2.3131
0.8935
0.60040003
0.1989
0.17920001
7
10
58
6.0269
8.367499
1.4595
2.1332
0.2944
0.4078
0.45360002
0.099199995
7
10
59
3.9006
2.1654
5.4336
2.1214
0.6095
2.204
0.297
0.1653
7
11
0
14.779501
4.6443
3.1968002
3.7545
0.5147
1.1462001
1.1652
0.3705
7
11
2
1.6089
2.3195
0.8587
2.6611
0.625
1.6178001
0.1211
0.329
7
11
3
38.496502
3.3813
2.9595
3.9342
0.9847
1.01
0.48349997
0.2645
7
11
4
30.9715
12.1677
0.4473
2.7425
1.7027
0.98620003
0.3499
0.1852
7
11
5
8.0752
3.3140998
1.4224
0.6468
0.92789996
0.7434
0.3666
0.11
7
11
6
6.4205
1.3198
2.3474
0.4648
0.9192
0.76640004
0.4205
0.4598
7
11
7
21.9503
1.9312
0.2825
0.1259
0.1654
0.1859
0.063099995
0.039100002
7
11
8
13.1288
2.3576
0.2448
2.2752
0.87719995
1.0442
0.2946
0.2588
7
11
9
3.8699002
0.3956
0.22080001
0.0914
0.2189
0.16880001
0.0568
0.0363
7
11
10
19.5843
4.4268003
2.1571999
2.3096
1.9397
0.94290006
0.3658
0.55920005
7
11
11
6.9375
1.2916
1.8155999
3.0038
2.5839999
0.96150005
0.1744
0.10789999
7
11
12
6.7051
3.3027
0.0909
0.7126
1.8167
1.4457
0.3507
0.139
7
11
13
4.0864
3.0628
5.3517
1.3252001
1.2049
0.8766
0.30539998
0.2775
7
11
14
0.6724
0.5664
0.1712
2.1724
0.5056
0.4046
0.163
0.2797
7
11
15
4.7972
2.0765998
1.1403
0.9705
0.58849996
0.3652
0.169
0.161
7
11
16
5.2082
5.7241
4.0283
1.1162
1.2421
0.6928
0.4677
0.1575
7
11
17
8.4037
1.3136001
0.77820003
0.6584
0.9403
1.3024
0.45830002
0.3063
7
11
18
0.5155
0.9346
0.7456
1.3955
0.9851999
1.0425
0.274
0.123
7
11
19
4.4377
1.4432
0.8708
1.545
1.0745
0.734
0.3797
0.3515
7
11
20
1.688
0.9541
0.3477
3.0048
0.8414
2.0205
0.4108
0.1069
7
11
21
0.40719998
2.657
0.97749996
0.4276
1.1735
0.79370004
0.2139
0.24929999
7
11
22
1.7487
0.6012
0.7267
1.0656
0.5084
0.2545
0.074
0.0544
7
11
23
63.1485
9.1324005
4.4046
0.9486
1.1217
0.33879998
0.23789999
0.3835
7
11
24
6.9361
2.4053
0.0404
0.5285
0.3141
0.3824
0.1623
0.0739
7
11
25
9.2464
0.93599993
0.515
0.209
0.0915
0.17359999
0.0756
0.0352
7
11
26
13.6287
8.5531
0.8213
3.06
0.357
1.3641
0.35590002
0.1212
7
11
27
1.7439001
1.2477
0.73389995
0.83259994
1.9736999
0.8119
0.44129997
0.14140001
7
11
28
1.799
3.4197
0.147
1.8423
0.5845
1.2935
0.1788
0.3898
7
11
29
6.5215
0.79150003
0.40210003
1.3877
0.6617
0.712
0.3269
0.1223
7
11
30
8.2074
6.0591
0.12329999
0.7828
0.6684
0.56560004
0.2424
0.16759999
7
11
31
4.4408
1.6618
1.1104
0.2049
0.5851
0.566
0.2888
0.2286
7
11
33
2.2884
0.8404
0.245
0.8344
0.88679993
0.51
0.1256
0.1895
7
11
34
11.1373
14.1115
1.6018
1.2686
0.4132
0.78299993
0.4553
0.4889
7
11
35
256.2418
5.4996
4.6783
2.1478
1.8419
1.7035
0.6689
0.5027
7
11
36
69.698204
1.8547001
1.5279
1.2136
0.7427
0.14750001
0.0894
0.0848
7
11
37
20.1488
7.2848
0.29909998
0.5162
0.4687
0.3369
0.068900004
0.0626
7
11
38
14.8693
8.758
0.22160001
0.8641
1.1018
1.2825
0.5204
0.1987
7
11
39
7.6415005
2.997
0.7436
3.0359
0.8812
1.7029
0.5121
0.18720001
7
11
40
8.0813
1.8495001
0.4774
0.7641
1.4285
1.3085
0.2497
0.2669
7
11
41
7.9003
12.885
1.1286
1.6183
1.4722
1.308
0.248
0.1062
7
11
42
2.9363
4.6052003
0.52459997
1.6938001
1.4542
1.0975001
0.52140003
0.1499
7
11
43
9.1232
4.0117
1.9451
1.2349
1.3142
1.3314999
0.17480001
0.52860004
7
11
44
2.9837
3.3713002
1.6856
0.632
1.3857
0.74120003
0.3007
0.1164
7
11
45
7.8446
8.5698
1.09
0.5752
2.1993
1.1706
0.41640002
0.0712
7
11
46
17.7112
9.4668
1.5164
1.35
1.6760999
0.7805
0.45309997
0.10039999
7
11
47
4.6299
6.9311
1.0168
3.0177999
0.9307
1.1895
0.5497
0.13360001
7
11
48
5.8862
9.1573
2.1260998
0.67759997
1.473
0.6853
0.4764
0.1981
7
11
49
26.8002
1.7393
8.4524
3.3144999
1.407
1.8334999
0.45859998
0.1206
7
11
50
4.2927003
3.0649002
0.264
0.4058
0.50670004
0.7329
0.187
0.2324
7
11
51
1.8853999
0.7274
0.40970004
0.2347
0.24639998
0.2924
0.0912
0.049000002
7
11
52
4.0032
11.0138
1.5821
1.0605
0.97749996
0.7693
0.23690002
0.21820001
7
11
53
27.7358
9.176001
0.98169994
1.8743999
0.71209997
1.6523
0.3008
0.1568
7
11
55
8.8896
2.6342
0.8740001
2.6015
0.2594
1.1394
0.3698
0.0881
7
11
56
3.5108998
1.4707
0.2852
0.42150003
0.23409998
0.2223
0.1106
0.056900002
7
11
57
7.1315994
12.2691
0.93560004
1.5601
0.65779996
1.2795
0.3069
0.1928
7
11
58
10.9956
8.0933
4.0687
1.2185
1.8930999
1.4145
0.5157
0.2692
7
11
59
6.8379
7.6748
3.4249
1.5787
0.3607
1.1969
1.1241
0.49840003
7
12
0
5.4174
4.4865003
3.4077997
1.3359
3.4095001
0.6613
0.574
0.2616
7
12
1
1.6455001
2.0862
3.2329998
1.344
0.97650003
1.6567999
0.42869997
0.3814
7
12
2
1.3248
1.6509
0.9637
1.1427
1.7495999
0.7287
0.1936
0.2976
7
12
3
1.6915
1.5649
1.3705001
0.27040002
1.9617001
0.8004
0.60899997
0.2534
7
12
4
5.8663
3.0601
3.9578
0.4004
1.2147
0.7133
0.2744
0.3754
7
12
5
27.8765
3.0638
0.10479999
0.3694
0.1039
0.4098
0.0621
0.0876
7
12
6
16.0436
1.4086
2.4714
0.25349998
0.5594
0.9686
0.29430002
0.1001
7
12
7
1.2842001
1.1471
0.9159
0.7361
0.5088
0.6859
0.2754
0.13170001
7
12
8
89.4778
6.4907
1.1218001
0.5944
0.44160002
0.6266
0.42249998
0.1759
7
12
9
4.2041
1.998
2.7003999
0.67579997
0.3734
1.3815
0.5747
0.3878
7
12
10
3.9717
3.5049
1.8263999
2.7929
0.8994
0.6415
1.0327001
0.2688
7
12
11
20.7363
6.4636
0.8464
1.1469
0.4313
1.547
0.7502
0.0917
7
12
12
10.0983
2.5465
0.6566
2.0207999
0.8902
2.1596
0.23680001
0.34109998
7
12
13
3.6867998
1.3407
0.28689998
1.4131999
0.68700004
1.1800001
0.4447
0.32520002
7
12
14
12.1809
2.7727
0.5944
1.6495
0.40330002
1.4186001
0.2508
0.2077
7
12
15
6.1737003
2.8429
0.6426
1.5675001
0.3671
1.2612
0.5425
0.1389
7
12
16
3.9962
1.721
1.3919
2.8086998
0.5101
1.6958001
0.366
0.38709998
7
12
18
6.717
6.3979
0.0774
0.89779997
1.0719
1.0985
0.4054
0.3108
7
12
19
3.4115002
1.5181999
0.5036
0.62770003
0.3182
0.8071
0.1682
0.1132
7
12
20
8.0511
4.3037
3.5795
0.40719998
0.7452
2.9646
0.4299
0.1623
7
12
21
1.5456
0.94720006
0.5468
0.163
0.3015
0.1554
0.050899997
0.0233
7
12
22
9.2255
1.4995
2.1727
1.2528
0.5329
0.88839996
0.2483
0.1322
7
12
23
5.9482
5.0836997
0.89809996
0.5733
0.9735
0.9591
0.26209998
0.26410002
7
12
24
8.4993
2.8134
0.5808
1.0314
0.13419999
0.7079
0.3321
0.1653
7
12
25
1.1513001
0.6266
0.1474
0.32259998
0.1439
0.21180001
0.0695
0.0766
7
12
26
1.2777
0.422
0.425
0.0736
0.0578
0.3273
0.0361
0.0283
7
12
27
3.5198
2.4004
0.2719
0.8704
0.48039997
2.2064
0.322
0.2771
7
12
28
3.9818
2.2228
0.5615
0.2017
0.68990004
1.8229
0.19940001
0.2292
7
12
29
3.3023999
0.99719995
0.1197
0.98719996
1.5905
0.7019
0.6686
0.3123
7
12
30
2.9206
1.1215999
0.2877
0.6
0.3894
0.6985
0.4625
0.1796
7
12
31
2.2143998
0.6831
0.6332
1.06
1.2724
2.0929
0.5762
0.21200001
7
12
32
26.5584
13.606999
10.9121
10.6303
2.3906
3.0848
0.85969996
0.2911
7
12
33
195.3253
20.0959
5.1183996
6.6697
2.5239
8.5661
0.525
0.2677
7
12
34
212.68411
47.0928
1.9298
4.4744997
3.4492002
4.7467003
0.81200004
0.3719
7
12
35
372.3795
17.8242
1.3372
2.6182
3.4557
2.0785
0.17920001
0.3791
7
12
36
125.8687
92.0174
9.1621
4.3156004
6.6826
10.8181
9.7651
1.7059001
7
12
37
66.6327
9.9568
7.0776
3.1472
6.0115
4.8039002
3.3205
0.90260005
7
12
38
242.3738
24.395401
29.820902
23.464
18.474901
13.9314995
3.5599
5.7001
7
12
39
37.001
8.233399
0.854
2.4218001
3.9489002
3.0295
1.3416
0.66760004
7
12
41
0.56619996
1.4762
0.25480002
0.57129997
0.9571
0.61550003
0.37829998
0.4233
7
12
42
5.9163
4.9179
1.2235
0.2616
0.5331
2.2368999
0.6165
0.6078
7
12
43
3.441
7.2619996
0.6589
0.8804
1.0056
1.0263
0.4788
0.61039996
7
12
44
3.2342002
8.150801
0.3814
1.2702
0.4402
0.434
0.43139997
0.66550004
7
12
45
3.1232
0.23719999
0.95030004
0.343
0.4821
0.3116
0.1621
0.118499994
7
12
46
44.1906
8.3059
0.2959
0.8166
5.0744
0.6486
0.32860002
0.19729999
7
12
47
1.7825
2.9026
0.653
0.7233
0.2383
0.5148
0.112799995
0.115899995
7
12
48
6.657
1.7602
2.3365
0.6872
0.8004
0.7101
0.4032
0.17480001
7
12
49
14.905
1.4025
2.1847
0.2377
0.523
1.7592
0.4195
0.2617
7
12
50
14.3065
3.3036
0.4592
1.7422
0.7227
1.3148999
0.1654
0.182
7
12
51
2.5707998
2.4295
1.2763
1.0601
0.2296
0.5479
0.38439998
0.12150001
7
12
52
6.8595996
4.4488
0.3266
2.056
0.43
0.6169
0.3843
0.2844
7
12
53
48.0479
3.3318002
0.9535
0.75420004
1.4034001
0.49800003
0.29209998
0.2101
7
12
55
28.6167
3.3509002
0.45869997
1.5704
1.3154
1.0332999
0.2968
0.3493
7
12
56
7.1742997
2.5991
1.7850001
0.8206
0.5524
0.4702
0.1484
0.0612
7
12
57
1.4227
4.356
5.5308
0.3246
0.95809996
1.6332
0.2499
0.37060001
7
12
58
20.4382
9.838201
1.5544
0.65970004
1.3026
0.9656
0.7691
0.4084
7
12
59
22.387201
7.3005996
4.1261
1.7111
1.1786
1.6935
0.2779
0.2314
7
13
0
39.3321
7.2229996
0.74939996
1.7564001
2.6251
1.0295
0.4896
0.20079999
7
13
1
42.3773
13.3484
1.9863
1.7853999
1.2573
0.955
0.41649997
0.3671
7
13
2
23.1599
7.1478
0.8006
4.3267
2.6541
1.3982
0.621
0.257
7
13
3
12.7628
2.2756
0.9703
0.303
0.3505
0.3727
0.0889
0.0648
7
13
4
5.2795997
3.384
1.5504
1.1876
0.5473
0.6936
0.5854
0.26479998
7
13
5
16.7129
10.220901
0.8537
0.3806
2.2128
1.0589
0.8367
0.5924
7
13
6
118.56149
10.4512
0.2789
1.5816
1.5960001
1.2097
1.0632
1.2621
7
13
7
57.4719
8.3792
6.9638996
0.8588
3.4631
1.3037
0.8556
0.3619
7
13
8
57.2402
32.907097
7.3063
7.0277996
1.3258
2.3054
1.069
0.4176
7
13
9
8.5776005
13.762
2.7316
2.7368
5.2241
2.3648
1.2681
0.4601
7
13
10
6.6140003
1.4864
0.1724
0.5879
0.77169997
0.7335
0.235
0.1064
7
13
11
98.5079
8.150801
2.7961001
0.9539
0.4992
1.7850001
0.326
0.2117
7
13
13
8.3322
2.5101001
0.51989996
0.3392
0.39900002
0.6749
0.3127
0.0538
7
13
13
43.536903
21.503601
12.5143
12.6688
7.0317
3.7243001
1.8422
0.5643
7
13
15
113.6158
24.9911
3.1004
4.05
5.9223
1.8779
1.2193
0.79260004
7
13
15
73.8238
56.702103
2.3975
8.5967
11.3366995
1.8309001
3.4736
1.0017
7
13
16
78.6793
5.0014
1.059
1.6970999
0.6019
0.74840003
0.4326
0.0764
7
13
17
65.3541
17.2838
3.0336
0.6914
1.1988
1.0212001
0.5596
0.2437
7
13
18
58.102203
16.3858
1.5998
2.2584
2.0774
2.2038
0.6425
0.92639995
7
13
19
10.5782
3.8943
0.71279997
0.25480002
0.32259998
0.552
0.16250001
0.0836
7
13
21
10.8549
5.6216
1.5656
0.90190005
0.9489
0.94219995
0.6343
0.34
7
13
22
9.1798
2.1595
1.5518999
0.43620002
0.2285
0.3827
0.1953
0.1027
7
13
23
45.6496
4.4658003
2.5831
1.2292
1.2900001
1.7286999
0.42909998
0.1925
7
13
24
45.8509
27.917799
6.2527
6.7425
5.8198
2.4146
0.685
0.9106
7
13
25
66.3567
4.7535
1.7277
0.53209996
2.1979
0.7504
0.5331
0.5247
7
13
26
1.7062001
1.1674
0.1176
0.46879998
0.49560001
0.2653
0.1681
0.13780001
7
13
27
3.0646
5.974
2.5302
2.9774
1.7885
2.2252002
0.3177
0.5945
7
13
28
14.847
6.8869004
1.2306
2.9099
1.289
1.0555
1.6272999
0.3754
7
13
29
150.4559
8.168301
8.3614
1.5162001
2.0565
1.7707
0.8999
0.7254
7
13
30
5.6788
1.6841
0.8072
0.2915
0.3798
0.2635
0.2211
0.0442
7
13
31
18.484201
3.3859
1.4480001
3.382
0.59870005
1.6891999
0.8496
0.3841
7
13
32
7.4446
3.1113
0.5961
0.4571
0.5265
0.81810004
0.3083
0.3362
7
13
33
53.6047
4.3426
0.8152
1.1730001
2.3451
0.8648
1.3245
0.3931
7
13
34
0.6828
0.3084
0.2617
0.3972
0.1946
0.35119998
0.27040002
0.026500002
7
13
35
2.4842
2.567
1.9956
2.1887
1.3525
1.4816
0.6291
0.47980002
7
13
36
5.7532
1.1265
1.4939
0.6714
5.0149
2.0254998
0.6556
0.2958
7
13
37
1.5279
1.8138999
0.8285
0.81240004
1.7124
1.4355
0.80350006
0.2861
7
13
39
10.946
15.374801
0.1497
0.7923
0.7708
0.7812
0.3146
0.22809999
7
13
40
6.6339
11.9384
0.94879997
1.1331
0.49760002
0.7432
0.3248
0.235
7
13
41
20.9333
9.6306
1.6047001
2.0583
2.3296
1.3004
0.9339
0.2334
7
13
42
4.3997
1.8299
2.1044
1.759
1.2177
1.3938999
0.4917
0.40199998
7
13
43
14.342099
1.0446
2.0291
0.4954
1.5063
0.92169994
0.6587
0.3937
7
13
44
3.2827
0.5255
0.5997
0.0794
0.5548
0.3261
0.1896
0.0383
7
13
45
4.6974
6.5741005
6.7225003
0.16430001
1.3579
1.0817
0.615
0.3446
7
13
46
1.0477
3.3500001
0.5535
2.02
1.1795
1.6798999
0.752
0.3031
7
13
48
9.235701
0.9353
0.3221
0.5797
0.22450002
0.2539
0.1086
0.0383
7
13
49
11.093
4.3797
1.1694
3.9478
1.6794
2.5281
0.6311
0.64710003
7
13
50
22.2343
4.9347
4.0839
0.76640004
3.108
2.9575
0.6465
0.5081
7
13
51
9.0931
2.5039
0.66069996
0.3979
0.24419999
0.18090001
0.1467
0.1803
7
13
52
99.3768
7.626
2.8186998
3.723
1.6301
1.6426
0.4726
0.7576
7
13
53
57.5716
10.1964
3.438
1.589
2.5054
2.5953
1.0918
0.7323
7
13
54
8.638
2.983
0.3983
0.5216
0.93799996
0.85190004
0.1744
0.104600005
7
13
55
17.3176
2.8833
1.6494
11.2092
4.1663
2.6742
1.4974
0.80390006
7
13
56
57.0997
18.333399
5.6584997
0.3839
6.2055
5.5614
0.5265
0.6659
7
13
57
2.2591
2.0391
3.6495
1.3917
0.6799
0.5065
0.21180001
0.2334
7
13
58
76.3732
6.9964
5.4152
8.6605
5.2944
6.0741997
1.045
0.7613
7
13
59
44.8247
20.5001
2.2484999
15.0419
1.3793
1.8855
0.6386
0.3685
7
14
0
5.8127003
2.4014
7.0874996
5.0298
2.9888
3.9893003
1.1253
0.1699
7
14
1
7.8695
4.2307997
0.6102
0.8213
0.8216
0.54080003
0.3545
0.072399996
7
14
2
63.214302
1.428
21.545101
3.2284
2.2633
2.394
0.5082
0.7255
7
14
3
3.9847002
23.3393
3.2302
7.7256002
4.4443
2.6518
1.1362001
0.4248
7
14
4
1.4928
26.2871
8.6578
4.972
4.4201
2.1542
0.3885
0.3
7
14
6
12.8214
5.1563
1.1817
0.315
1.0875
0.6224
0.1476
0.2272
7
14
7
180.42839
33.6303
10.403999
4.6305
6.969
1.6458999
0.4697
0.3062
7
14
8
67.3565
17.0182
2.5437
1.611
1.498
2.0538
0.78929996
0.22549999
7
14
9
9.6139
1.3754
1.658
2.099
1.5551
0.6962
0.22789998
0.1837
7
14
10
0.63089997
1.6112
1.7311
1.4241999
0.8913
0.40150002
0.123900004
0.0774
7
14
11
7.5192
4.9586
0.3219
2.5732
0.4218
0.6001
0.0944
0.0505
7
14
12
205.0724
9.892401
7.6668
3.7955
2.09
1.8633001
0.84309995
0.4641
7
14
15
2.8319
4.6428
1.6209999
5.5243998
1.9003
1.9395
1.6189
0.2066
7
14
16
67.1487
8.1985
2.1764998
12.2381
5.1136
3.2742999
0.95070004
0.1717
7
14
17
7.0466
5.1939
0.279
0.109000005
0.73330003
0.4643
0.12329999
0.0781
7
14
18
5.5299
7.1413
2.7221
4.1109
0.9252
1.4707
0.3546
0.2673
7
14
19
49.1222
4.9708
1.8016
2.7017
1.9446001
0.9694
1.2247
0.1938
7
14
20
30.3651
8.7883005
2.6494
3.0616
0.811
1.7671
0.85730004
0.7361
7
14
21
21.3376
2.0396
0.0836
0.7003
1.4728
1.4325
0.2496
0.0809
7
14
22
19.8956
2.973
1.1212
0.6903
1.7675999
1.6191
1.2807001
0.56909996
7
14
23
6.3692
4.6421
7.191
1.2815
1.2566
1.6781
1.5109
0.52919996
7
14
24
7.5469003
8.9855995
6.0845
3.5422
2.6996999
1.1069
0.94640005
0.2761
7
14
25
8.7308
5.0048003
4.8300004
7.7667994
1.9365
2.2483
0.6118
0.3212
7
14
26
5.2154
6.0325003
1.9669
1.2590001
1.1103
1.1205
0.7867
0.22219999
7
14
28
12.647
3.002
2.1085
2.0865002
1.5131
1.3379
0.599
0.5787
7
14
29
1.5319
3.0753999
1.5914
1.5289999
1.9198
1.0516
0.6399
0.48070002
7
14
30
12.0631
1.153
0.9613
0.40170002
1.0742999
2.0629
1.2214999
0.48310003
7
14
31
4.1267
8.1158
0.44149998
0.8249
0.9502
0.7083
0.4356
0.7102
7
14
32
1.091
5.7756
0.6149
2.791
1.04
0.4553
0.884
0.4013
7
14
33
0.3581
0.70699996
0.15010001
0.24309999
0.3495
0.2358
0.3094
0.0726
7
14
34
3.252
1.0631
0.2776
1.1387
0.7475
0.3675
0.2638
0.0946
7
14
35
3.9053001
4.5742
1.4685999
1.0549
1.5074
0.6832
1.0839
0.3788
7
14
36
7.9125004
5.7131996
1.0571
1.1738
0.7522
0.4628
1.0284001
0.4523
7
14
37
3.3511002
1.2733
0.3039
3.5193
1.4176
2.2082999
0.7002
0.3632
7
14
38
13.589001
4.4100003
2.445
2.297
0.8863
0.8848
0.6738
0.40620002
7
14
39
43.2372
7.2936
0.1796
3.4575999
2.0203
1.1955
0.33269998
0.1651
7
14
40
121.045006
23.048
3.364
5.3679
1.6054999
2.2025
0.4353
0.7266
7
14
41
23.1993
24.620201
3.7048001
1.3564
1.5114
0.43080002
0.6641
0.3168
7
14
42
5.7133
2.2531002
1.1978
1.3611
2.1458
1.7937999
0.9795
0.3114
7
14
43
0.8189
5.7849
1.2499
0.3332
0.2434
1.1776999
0.1866
0.1777
7
14
44
5.2691
7.6493
0.2481
1.3616
1.2262
1.4945999
0.3351
0.2049
7
14
45
43.6969
2.6438
1.2783
0.9826
1.3101001
2.1903
0.2993
0.3826
7
14
46
4.3842
1.4023
2.0776
1.2741001
0.5028
0.4849
0.67980003
0.1389
7
14
47
9.1487
5.6811
1.0851
1.0033001
0.3982
0.9335
0.23660001
0.3551
7
14
48
12.0902
6.756
1.8744999
1.1329
0.89919996
0.7677
0.2737
0.1608
7
14
49
3.4517002
3.5744
0.7338
1.6634
1.0285001
0.4849
0.41120002
0.1714
7
14
50
11.9455
5.4825
1.7356999
1.3476
1.7628
0.8916
0.6496
0.1801
7
14
51
10.4584
1.9559
2.7206
0.426
0.78299993
0.7133
0.4361
0.1627
7
14
52
1.4716
2.3963
0.066700004
0.1658
0.1982
0.2611
0.1167
0.1147
7
14
53
6.8292
3.3363
1.5383999
0.7161
1.0459
1.081
0.4051
0.2386
7
14
54
9.0237
15.3365
0.48839998
1.1372
0.6886
0.6142
0.3736
0.16129999
7
14
55
12.967101
2.4577
1.3291
1.4325
0.95729995
0.9351
0.2762
0.26839998
7
14
56
1.2005999
6.2997
3.1308
1.3914
0.6049
0.49859998
0.92789996
0.2937
7
14
57
6.1327
4.3782
1.4642
2.0165
3.1876001
1.13
0.895
0.3113
7
14
58
20.6275
5.2421
2.1364
1.0758001
1.2771
0.8994
0.5146
0.7862
7
14
59
20.9109
4.4498
1.4123
1.0156
0.359
0.7367
0.6784
0.4176
7
15
0
11.3912
2.395
1.7011
1.9969
1.8643999
1.8772
0.6769
0.4441
7
15
1
46.68
4.8655
2.2114
0.5891
3.6168
2.27
1.3526
0.40150002
7
15
2
11.6461
7.2402997
1.6528
1.1744
1.5765
1.1564
1.5345
0.5464
7
15
3
3.5084002
2.4678
1.0579001
1.1993
1.4317
0.9797
0.3343
0.6595
7
15
4
6.7875
1.286
1.0225
1.5393
0.5664
0.3536
0.4325
0.27960002
7
15
5
79.2184
12.6875
0.5083
2.2376
2.0013
2.4519
0.9137
0.8316
7
15
6
58.204002
5.4602003
1.7591
2.0638
2.4024
2.3941002
0.6712
0.64500004
7
15
7
201.8424
15.789101
1.2365
2.6568
1.8234
3.3226
0.7956
0.6342
7
15
8
172.9923
42.3202
90.2923
57.3145
33.7304
60.2682
29.805899
15.893801
7
15
9
67.4909
66.9582
4.467
15.154301
4.3675003
4.9323997
2.4085
3.4680002
7
15
10
126.5351
7.4961
1.5727
1.0828999
0.3662
0.5005
0.113
0.268
7
15
11
39.847202
2.4066
0.4772
0.39900002
0.2323
0.30159998
0.109799996
0.2264
7
15
12
37.6288
20.1424
5.5046
2.8819
3.2930002
4.8364
5.015
3.2114
7
15
13
24.8346
0.5561
0.24550001
0.16880001
0.1087
0.4985
0.91199994
0.1609
7
15
14
78.532394
11.9925
2.7169
0.83210003
2.2114
5.8716
10.5689
2.2292
7
15
15
84.6129
3.642
1.5014
1.5448
1.5981
1.2361001
0.97660005
0.4369
7
15
16
14.0504
0.1532
0.2013
0.0749
0.2336
0.1667
0.16890001
0.0895
7
15
17
78.3763
3.9329
3.9282002
1.1902
1.9718001
1.7797
1.4377
4.3887
7
15
18
77.2348
8.695
0.92219996
1.2610999
1.9593
0.74880004
0.8061
1.4597
7
15
19
20.646399
3.5941
0.1672
0.45949998
0.6107
1.9299
1.3646001
0.3444
7
15
20
12.226399
5.1019
1.085
1.2695
0.4815
0.6591
0.6041
0.50699997
7
15
21
8.7568
9.5563
8.007299
2.7445
3.9055002
8.3654995
2.8267
0.7869
7
15
22
69.3226
1.5037
1.9333999
1.7221
1.2637
1.4066
0.43
0.6465
7
15
23
11.789599
0.2289
0.2565
0.3124
0.1753
0.23699999
0.156
0.1287
7
15
24
4.1707
1.3643
0.1315
0.1596
0.1633
0.14469999
0.060700003
0.007999999
7
15
25
12.499599
2.4989
0.9575
0.85730004
1.6891
0.4921
0.2384
0.2088
7
15
26
50.452103
6.414
1.6388001
2.4482
0.5923
0.7264
0.2795
0.2963
7
15
27
53.363697
4.5797
0.926
0.2385
0.50380003
0.5378
0.7622
0.3468
7
15
28
27.751
4.8739
1.2972
2.2441
1.1331
0.7578
0.20969999
0.5615
7
15
29
77.7584
2.3708
0.6962
0.3031
0.1823
0.30380002
0.24669999
0.1148
7
15
30
11.0519
0.42090002
0.6759
1.3070999
1.0799
0.7163
0.3777
0.2949
7
15
31
58.8581
20.5973
4.7422
2.6075
2.55
3.0524
0.6892
0.8492
7
15
32
64.8608
0.5894
0.88290006
0.4201
0.35000002
0.23680001
0.2378
0.1075
7
15
33
83.5051
3.3401
2.6872
1.337
2.3985
2.3523
2.1863
0.34600002
7
15
34
2.645
1.7139001
1.0432
1.3441
1.3825
3.1871
0.8056
0.9351
7
15
35
52.0675
8.3921995
1.2866
0.4987
0.5752
0.9298
0.45099998
0.225
7
15
36
6.4572997
3.2573
0.3804
1.0617
0.3898
0.2508
0.1411
0.0881
7
15
37
86.0912
7.5418005
1.0651
3.3842
5.4681
1.6132001
1.9187
2.1996
7
15
38
220.51859
38.6272
18.3183
8.1137
10.3529
5.6291
2.4982
1.0593
7
15
39
24.141499
3.9191
1.2479
1.9812999
0.3714
0.8327
0.20079999
0.3143
7
15
40
4.0467
2.8872
0.88839996
0.90389997
0.85819995
0.84380007
0.45659998
0.2713
7
15
41
49.9123
18.9913
4.2475996
1.5516
3.5879002
1.5339
13.862101
0.80310005
7
15
42
3.1684
1.8181
2.0002
0.51
0.1892
2.9789
3.01
0.0928
7
15
43
77.3554
6.6864
2.5462
6.565
0.73870003
2.4997
9.1011
3.0377002
7
15
45
38.1222
24.8235
4.0467
4.9725
5.6318
6.1254
1.9233999
1.1756
7
15
46
58.6742
31.2386
4.9029
5.8997
8.9464
4.1631
0.84269994
0.9892
7
15
47
36.2648
7.4089
1.5088
0.5659
1.1574
2.0674999
0.3222
0.17
7
15
48
70.114
31.7193
6.8830996
2.6047
0.9475
0.7853
0.5469
0.61789995
7
15
49
14.669199
2.8279998
0.56119996
0.29299998
0.2239
0.2109
0.1163
0.126
7
15
49
67.3117
6.6219
0.3089
1.9783
0.2842
1.2504001
1.1973
0.223
7
15
50
6.4558
3.2454
1.79
1.3294001
0.8751
1.0632
0.31989998
0.2186
7
15
51
34.4081
5.1651
4.4729004
2.7997
3.0070999
4.0848002
1.4736999
1.6096
7
15
52
196.3158
2.8115
3.0039
0.3425
2.6803
1.8877
0.5138
0.26209998
7
15
53
102.97491
15.2414
2.4204998
11.2039995
5.4666
8.8141
0.8152
1.044
7
15
54
112.51
10.2156
0.99600005
2.3205001
1.2274
1.1341
1.0804
0.0934
7
15
55
174.5526
10.5996
2.4622002
5.3539
4.2321
10.152901
7.8091
1.4506
7
15
56
75.3697
0.48310003
0.3489
0.5333
0.31280002
0.5843
0.1481
0.85779995
7
15
57
90.2521
10.655
4.9107
4.1772
1.9537
2.7435
1.741
3.2892
7
15
58
79.532
4.5841002
5.1947002
1.0936
3.9657001
2.1589
1.83
1.4811
7
15
59
45.4317
13.8209
3.9476
0.4739
1.1792
0.99799997
0.158
0.1592
7
16
0
16.147999
3.9220002
0.3817
0.2818
0.1924
0.19710001
0.0923
0.0691
7
16
2
2.7203
0.2942
0.098699994
0.2026
0.23030001
0.1497
0.058300003
0.098799996
7
16
3
4.7321
4.9409
2.2398
0.56810004
0.64019996
0.3256
0.3682
0.18720001
7
16
4
6.1029
3.2418
1.1868
1.5782001
0.537
0.9041
0.1787
0.1906
7
16
5
4.7054996
2.8006
1.2722
0.5278
0.4081
0.99619997
0.2503
0.20949998
7
16
6
1.4449
1.5296
1.8859001
0.8037
0.6566
0.4642
0.5306
0.0839
7
16
7
2.0352
5.5908
0.8497
0.9301
0.617
1.0057
0.4174
0.1431
7
16
8
4.4273996
2.7122
1.8035
1.2491
0.6871
0.34390002
0.1867
0.1528
7
16
9
3.7514
1.7433999
2.4926
0.4929
0.1543
0.5565
0.2418
0.1516
7
16
11
1.7182
3.3771
1.5098
1.5318
0.7336
0.6495
0.1548
0.126
7
16
12
7.2929
1.9452
2.3602
0.57850003
1.5685999
0.6885
0.27040002
0.12460001
7
16
13
3.0951002
2.3414001
0.3015
1.6078001
0.24419999
0.4105
0.30769998
0.2791
7
16
14
7.4855
6.3601003
2.4156
1.3169
0.7592
2.3232
1.1854
0.3782
7
16
15
5.2957
3.9441001
2.1335
0.91580003
0.8584
0.7181
0.20369999
0.2087
7
16
16
5.6956
3.0089
2.7287002
1.2660999
0.97740006
3.1534002
0.6745
0.7075
7
16
17
3.7641997
3.3042
0.6925
1.4805
1.2156
0.505
0.5675
0.33990002
7
16
18
6.8494997
4.4234
4.1622
3.6249
3.5292
4.5108004
1.4597
0.2272
7
16
19
5.0344
3.0075002
0.1348
0.8555
0.8567
1.1261001
0.23640001
0.0864
7
16
20
40.1851
3.9745
0.88259995
1.2368
1.8266
0.91739994
0.5301
0.4329
7
16
21
3.3969
1.8158
0.7107
0.9727
0.6178
0.2795
0.1914
0.0347
7
16
22
16.7335
5.2889
2.0261002
1.461
0.9362
0.5811
0.41189998
0.19229999
7
16
23
11.6356
6.2606997
1.303
3.7484999
1.5196999
0.7854
0.49310002
0.1655
7
16
24
2.5156
2.3451
3.2371
1.2567
0.5597
0.39679998
0.21190001
0.0827
7
16
25
2.513
0.5124
0.969
1.4461
0.1417
0.489
0.20689999
0.1651
7
16
26
5.1368003
2.8834
1.0851
1.4522
0.4077
0.57
0.21919999
0.13340001
7
16
27
3.331
2.5010002
0.5896
0.74120003
0.3464
0.4055
0.095
0.37440002
7
16
28
1.8269
0.8749
0.8766
0.2263
0.92289996
0.4078
0.12910001
0.21599999
7
16
29
2.7066
5.5326
5.1705
0.5665
0.92620003
0.8716999
0.185
0.265
7
16
30
8.6947
7.8886003
3.8344
1.4272
0.95669997
0.4449
0.2945
0.1199
7
16
31
55.6404
2.7757
3.7907
2.9061
1.7356999
0.88839996
0.2988
0.199
7
16
33
7.852
3.7427
0.1525
1.2005999
0.639
0.7432
0.464
0.16250001
7
16
34
11.671
5.0223002
1.0109
2.4259
1.7723
1.4583
0.1815
0.2234
7
16
35
61.865902
14.8873005
3.2765002
1.3993
2.576
1.7138001
0.43410003
0.214
7
16
36
23.985199
2.7209
1.4137
1.4781001
0.2919
0.7775
0.2913
0.11089999
7
16
37
5.3684998
6.7079997
3.021
3.9423
1.047
1.2673
0.5426
0.5922
7
16
38
2.3569
1.9424001
0.4584
0.5032
1.8843001
0.4706
0.2654
0.1051
7
16
39
15.0356
3.9329998
1.3445001
2.115
1.1624
0.7405
0.3738
0.1826
7
16
40
5.3195
2.2963
1.5005
2.7656
1.5677999
1.5215
0.7748
1.1866
7
16
41
4.0895
4.3044
2.131
1.916
2.7092001
0.46859998
0.2771
0.1982
7
16
42
11.7742
1.9926001
1.2814
1.161
0.24530001
0.2551
0.1901
0.1363
7
16
43
68.167404
13.5685
0.4838
1.1255
8.7449
2.4382
0.7042
1.4987999
7
16
44
4.9844003
2.3026998
0.8409
5.6449
2.3603
0.8315
1.0534999
0.29209998
7
16
45
2.1351001
3.5877998
2.385
2.1292999
1.0449
0.9395
6.3298
2.6928
7
16
46
11.5428
4.6447
1.3001
2.0919
1.4296
4.3919997
2.3585
0.6954
7
16
47
20.5581
4.8351
3.3882
1.5584
1.3151001
1.2757
0.3767
0.1204
7
16
48
22.702099
16.7436
3.0602
1.9652
1.4000001
2.0357
0.79420006
0.7594
7
16
49
115.682396
3.5632
0.6699
2.1022
0.8104
1.0769
0.3294
0.2481
7
16
50
111.3778
1.0989
0.3707
2.6009002
1.2024
1.0301
0.4927
0.1302
7
16
51
11.0176
2.3917
7.6048
3.5626001
2.0932
3.0905
5.9587
1.2516
7
16
52
62.1589
6.5844
0.8106
0.8208
1.5136
0.8103
0.9606
0.3517
7
16
53
37.6183
27.8523
16.6568
5.1513
2.5268
8.5602
3.2803
0.83809996
7
16
54
14.5851
1.7225
0.3631
1.8742001
1.2813
2.0429
0.65040004
0.0726
7
16
56
83.5967
1.8023
0.052
0.7148
1.001
0.44820002
0.2104
0.2261
7
16
57
94.0077
41.9181
4.6002
1.5457
8.2653
5.5435
1.0132
0.7176
7
16
58
18.399
12.6099
4.0591
0.8414
2.0976999
2.8098
0.9293
0.8892
7
16
59
101.83671
10.018701
1.5806
2.7681
7.0724
5.9213
4.1337
0.465
7
17
0
220.6498
12.5868
3.1943002
1.8593
2.8531
1.6745999
2.3938
3.6201
7
17
1
32.56
26.802599
5.7847
6.7074003
2.1233
3.9322999
2.9502
1.4803
7
17
2
10.8624
4.2465
0.5276
2.0084999
0.5146
0.8177
0.205
0.3175
7
17
3
37.4058
11.0361
3.5988
1.5698999
0.714
0.46589997
0.2354
0.1698
7
17
4
58.250397
59.5884
6.6391997
5.9804
6.7475996
3.8564
6.3216
2.5395
7
17
5
7.6243
2.0628
0.40640002
0.3086
0.6026
0.4296
2.9459
3.4736
7
17
6
88.9336
5.0287
1.7897
1.1274999
1.3321
1.0769999
1.897
8.9106
7
17
7
112.294304
2.6512
0.47980002
0.52430004
0.6107
0.3119
0.7827
5.412
7
17
9
11.4415
21.8024
6.5270996
4.6627
3.9724998
1.3343
1.7147001
7.2235003
7
17
10
17.14
5.7730002
0.6835
0.2275
0.45909998
1.0677999
0.7821
0.3334
7
17
11
23.3792
0.7584
0.6049
1.0617
0.4766
0.3527
0.1678
0.0651
7
17
12
8.3798
4.804
1.6708
2.3449
1.6221
0.86200005
1.1442
0.1358
7
17
13
3.3123999
4.3648
3.6348999
0.8444
0.62020004
0.5884
0.25599998
0.123
7
17
14
4.5709
5.9889
1.1579001
7.4607
1.3306
0.9958
0.4292
0.2557
7
17
15
3.8177
3.2075
1.3633
3.4708002
0.815
0.83959997
0.3184
0.24530001
7
17
16
1.921
0.22440001
1.4658
0.6959
0.1819
0.2644
0.037299998
0.0543
7
17
17
4.324
9.879
0.6002
1.5653
1.5035
1.0951
0.75810003
0.138
7
17
18
21.248201
12.4012
5.091
1.5449
2.891
6.4490995
2.2447999
0.8552
7
17
19
30.8647
1.0938
1.6734
12.1472
4.0826
1.5783999
0.4972
0.2929
7
17
20
16.44
1.5751001
5.8907
5.7472
1.3226
0.82329994
0.4351
0.0792
7
17
21
7.3771
5.4435997
0.9927
1.8482
0.3861
1.0428001
0.40919998
0.297
7
17
22
93.3567
38.201
5.5685
2.8864
2.2917001
6.6914997
3.999
4.0115
7
17
23
114.2491
7.2167
10.0616
10.8862
1.7436
1.09
0.3417
0.2211
7
17
24
49.1417
15.872299
10.0118
3.1536002
3.2047
3.4954998
0.60279995
0.48799998
7
17
25
105.2343
2.8126
0.65540004
0.7828
0.7267
1.8615
1.0885
0.2605
7
17
26
125.764404
9.1077
0.30380002
2.7916
0.8608
4.3616
1.1183
0.6957
7
17
27
19.4864
2.0368001
0.47050002
0.38459998
0.0759
0.44140002
0.2205
0.0767
7
17
28
13.346
6.3244
6.6349
5.0981
1.1458
0.6505
0.40660003
0.1869
7
17
29
24.1469
9.396299
5.3643
1.5741
2.3289
0.7476
0.4325
0.091800004
7
17
30
35.1697
13.0802
3.9155
4.1062
2.4644
1.0337
0.8293
0.103599995
7
17
32
1.9113001
4.4005
5.4121
1.5234
0.6616
0.433
0.2937
0.1588
7
17
33
2.9984
16.231901
3.0415
2.3126001
0.76100004
0.57390004
0.1882
0.11709999
7
17
34
5.7402
20.3768
0.80429995
1.469
1.3249999
0.41160002
0.151
0.0926
7
17
35
28.1521
3.3087997
6.8437004
2.0872002
1.8284
2.6736
1.1115
0.54580003
7
17
36
2.8824
7.7299995
1.7017
0.4124
0.7336
0.4108
0.28550002
0.10610001
7
17
37
6.4518
11.1891
3.3064
1.3224
0.5834
0.281
0.24280001
0.12900001
7
17
38
17.1912
14.1444
5.5946
0.22080001
0.2898
0.36180001
0.1802
0.2849
7
17
39
1.0270001
2.5559
1.0103
0.3939
0.0506
0.2088
0.0966
0.051400002
7
17
40
60.8858
30.2685
2.036
1.4786999
4.6604
4.0969
1.2946
0.5672
7
17
41
20.640799
31.4611
2.2361
0.8785
1.2725999
0.5989
0.3443
0.15259999
7
17
42
61.0758
7.3406005
7.9995
2.1362
0.62549996
2.5602
0.5574
0.34600002
7
17
43
56.7843
3.8349
3.5237
3.4352
1.5064
1.5235001
0.40350002
0.23089999
7
17
46
27.8948
10.750401
0.6325
0.69200003
4.4512997
1.5194
0.20560001
0.103199996
7
17
47
35.3149
4.2047
0.834
1.2852
3.041
1.2987
0.1391
0.0683
7
17
48
9.908
2.9252
0.2967
0.1577
0.104
0.2414
0.0945
0.0717
7
17
49
21.3884
10.4328
4.0058
1.9492
0.5143
0.3299
0.19049999
0.17559999
7
17
50
7.4589
3.7117
0.6174
2.0259001
0.3725
0.3299
0.0923
0.2602
7
17
51
1.8350999
0.24900001
1.91
0.74149996
0.23290001
0.3028
0.2076
0.1665
7
17
52
4.0819
4.2263002
0.7398
1.2795999
0.24890001
1.0479001
0.2841
0.18090001
7
17
53
1.0618999
3.081
0.7124
1.7346001
0.5582
0.3898
0.1978
0.1535
7
17
54
14.7782
4.2435
3.2186003
1.986
0.92630005
0.84889996
0.3198
0.1859
7
17
55
5.9501
26.8171
3.9196
0.7101
0.6356
1.1211001
0.421
0.1033
7
17
56
1.052
14.455099
5.1536
1.7404
0.48139998
0.6016
0.1856
0.2019
7
17
57
0.35329998
14.903501
1.8402001
5.4965
0.44160002
0.62060004
0.3876
0.1156
7
17
58
3.674
9.6153
2.7916
1.3659999
0.6999
0.55340004
0.1856
0.1437
7
17
59
7.3242
5.9912
0.6774
1.7537
1.1755
0.5677
0.2126
0.18530001
7
18
0
6.8257
2.7891998
5.4728003
1.132
0.7805
0.36569998
0.2085
0.1709
7
18
1
13.5745
2.7747
2.1776
1.0166
3.5585
0.3294
0.16690001
0.1894
7
18
2
4.4164
0.7783
0.86810005
1.0652
0.3684
0.3569
0.1746
0.1163
7
18
3
9.7605
4.7423
1.9544
3.8554
3.1415
1.0954
0.3875
0.2928
7
18
4
33.6842
5.8136
0.24540001
1.7826
1.1693
1.3042
0.83349997
0.3322
7
18
5
69.5205
7.3661
3.396
4.0118003
1.4868
2.9744
0.4927
0.1878
7
18
6
1.7887
5.2144
1.6589999
1.1829
0.6455
0.80399996
0.1778
0.1496
7
18
8
58.902
6.3399
1.4799
3.9276
3.0081
0.9743
0.328
0.1288
7
18
9
36.9638
9.6432
4.0707
1.8032
2.4462
2.8939
0.6316
0.8907
7
18
10
1.6448001
4.4349
2.7904
3.2874
0.9647
0.7399
0.2915
0.1534
7
18
11
3.3655
4.1129003
1.9586
0.87679994
0.879
0.9411
0.2274
0.21
7
18
12
25.4393
4.8714
2.8897
1.0891
1.9166
2.4127
0.3303
0.2502
7
18
13
41.7647
28.3446
1.8456999
3.5804
2.7126
2.8562
0.96629995
0.45630002
7
18
14
8.6694
6.2774
3.8803
3.4754
2.7525
1.7041
0.5932
0.4468
7
18
15
42.9071
27.106699
1.9726001
5.0939
7.0237
1.4611
0.4699
0.1489
7
18
17
15.050099
7.8142004
5.8370004
1.7853999
4.731
1.1491
1.0854
0.2388
7
18
18
0.9652
3.9212
4.0576997
2.4043
1.3501999
1.1735
0.4972
0.1212
7
18
19
66.4455
24.960201
8.5324
3.5909998
6.6
7.474
3.7754
0.83849996
7
18
21
77.0871
71.1194
70.4468
17.9311
27.254599
26.3652
10.8915
4.3084
7
18
22
84.9374
57.5909
9.907101
13.0655
13.515501
22.463
11.8245
5.3112
7
18
23
0.120299995
0.053000003
0.0186
0.009000001
0.0075999997
0.0035
0.0018999999
0.0012
7
18
24
0.014400001
0.026999999
0.0292
0.0183
0.0178
0.0146
0.0032
0.0022
7
18
25
55.245697
7.117
1.0956
1.1609
2.2404
1.1555
0.41399997
0.1991
7
18
26
200.29869
5.6431
2.0138
1.2925
1.1590999
0.8076
0.3161
0.0484
7
18
27
10.1323
2.5254
0.3601
0.5469
1.997
0.44709998
0.2989
0.039100002
7
18
28
76.8536
1.7226
0.3097
0.49310002
1.8843001
1.799
1.0033001
0.4058
7
18
29
47.7727
9.2123
0.4441
2.3592
1.6197
1.8564999
2.2805
0.39479998
7
18
30
106.896194
18.241001
1.5441
1.6565001
2.2931
2.5867
1.5690001
1.129
7
18
31
8.596
5.3852
0.29529998
0.4462
0.6688
0.3173
0.2067
0.1008
7
18
32
72.984604
2.8436
0.44399998
1.5296
0.53150004
0.53110003
0.7784
0.1223
7
18
33
158.3302
20.7079
1.5712
2.1717
2.1833
3.7793
1.9961
0.6492
7
18
34
105.4706
7.8595
2.098
0.37150002
0.9203
1.0719
1.7368
0.2087
7
18
35
10.6882
5.2559
0.3345
1.695
1.1323
1.8785
0.44550002
0.0911
7
18
36
111.13631
3.4026
0.5782
0.82860005
0.5434
0.8164
0.51739997
0.1408
7
18
37
90.4585
14.212
1.9305
1.2254
6.1292
2.1124
1.3913
2.4833
7
18
38
157.01651
28.783598
2.1462002
5.4538
5.4744
4.3667
1.5139999
1.4776
7
18
39
84.4744
16.9457
1.4686999
7.0248
13.849001
10.6486
1.1725
1.1307
7
18
40
282.27
22.5787
6.0959
4.9374
3.8198001
9.1522
8.707001
2.4316
7
18
41
9.8627
4.7641
4.685
0.96119994
1.0505
1.3562
1.5063
0.77650005
7
18
42
15.7876
1.7108
0.4746
0.67520005
0.3814
0.0962
0.1816
0.0489
7
18
43
91.7409
3.6315002
0.827
1.0242
0.9056
1.1935999
0.6839
0.4656
7
18
44
22.41
6.4175
0.58610004
1.6425
0.7614
0.6139
0.39670002
0.1432
7
18
45
12.6186
5.9583
0.3066
0.4867
0.5382
0.2373
0.16589999
0.14600001
7
18
46
35.3717
2.7110999
3.6667998
0.1391
1.5271
2.1746001
0.82400006
0.2875
7
18
47
7.1948
2.0988
0.25190002
0.23380001
0.2063
0.5974
0.3902
0.1415
7
18
48
7.2888002
3.3172998
1.5957
0.3757
0.3282
1.3834
0.567
0.20679998
7
18
49
8.201
4.2904
3.5503001
3.4492998
0.9134
1.0974001
0.2409
0.1537
7
18
50
49.6244
47.751297
2.4473
9.447801
16.0972
11.7439
3.364
6.23
7
18
51
37.3186
7.0217996
1.191
7.3195004
12.9195
4.5182
7.0711
1.8666999
7
18
52
198.7442
61.084003
38.221897
20.6817
9.888801
34.265198
2.7529
2.7714999
7
18
53
76.2977
71.7411
8.9163
10.6289
6.5522
6.3708
6.4335003
1.9521
7
18
54
159.9503
4.9834003
0.4127
0.5463
0.79929996
1.5062
0.7852
0.5222
7
18
55
87.7601
31.8762
6.8548
4.4806
6.4684005
4.7851
3.4656
1.2848
7
18
56
1.8551999
2.9905999
2.2655
1.1739
1.4952999
0.6238
0.1874
0.1318
7
18
57
64.932
13.193899
1.7559999
3.2837
3.6207001
4.0752
2.6293
0.9401
7
18
58
26.432402
2.6784
1.0532
1.0677999
0.4406
1.1381
0.87839997
0.2964
7
18
59
80.943695
22.7396
3.0154998
7.1167
0.94710004
4.4098997
4.1896
1.7907
7
19
3
86.797
7.1539
8.9128
3.4974
2.9751
1.7298
1.8399
0.5991
7
19
4
43.237
4.7933
2.9736
1.0497
0.7784
1.7325001
0.5219
0.4649
7
19
5
87.9596
20.4973
3.1550999
3.5237
7.596
3.1525002
1.4532
0.9397
7
19
6
54.1051
7.141
3.22
2.3901
4.216
1.5025
0.76199996
0.2723
7
19
7
26.699501
2.4390001
0.4103
0.41609997
0.4301
0.2323
0.1222
0.0241
7
19
8
29.5109
5.3913
0.9155
0.8548
1.0011
0.7781
0.58280003
0.373
7
19
9
81.9471
21.1877
3.3549
2.042
2.2288
3.3941002
0.91230005
0.2026
7
19
10
138.3249
17.7275
6.6159
9.4714
11.266601
3.7494998
2.5749
1.631
7
19
11
99.975296
9.513
1.2512001
0.7386
2.0318
1.4561
0.5551
0.13419999
7
19
12
27.4819
1.6347001
5.4332
1.0377
1.0737
1.8201
0.82839996
0.1939
7
19
13
105.2848
19.1967
5.738
6.1229
3.6699998
1.7969999
1.0473
0.95109993
7
19
14
361.0307
99.4781
26.8121
3.4887002
10.594
